1 steady state
          E0           Ei           s1           s2           s3           s4
    0.627964     1.124225          -17           -2           -2           -2
   -0.010000    -0.010000          -16          -16          -16           -3
   -0.010000    -0.010000          -16          -16          -16           -3
   -0.010000    -0.010000          -16          -16          -16           -3
   -0.060186    -0.073509          -16           -4           -3           -3
   -0.080000    -0.080000          -16           -4           -3           -3
   -3.060330    -4.519880          -17           -2           -2           -2

2 steady state
          E0           Ei           s1           s2           s3           s4
   -0.000026    -0.009248          -15           -5           -5           -3
   -0.010143    -0.011295          -15           -5           -5           -3
   -0.011944    -0.011943          -16           -7           -5           -3
   -0.059947    -0.056493          -15           -3           -3           -3
   -0.080579    -0.056493          -15           -3           -3           -3
   -1.545909    -0.702484           -6           -2           -2           -2
   -3.076608    -0.811287           -6           -2           -2           -2

3 steady state
          E0           Ei           s1           s2           s3           s4
   -0.010000    -0.010000          -17          -12          -12           -3
   -0.010000    -0.010000          -17          -12          -12           -3
   -0.010000    -0.010000          -17          -12          -12           -3
   -0.080000    -0.080000          -14           -3           -3           -3
   -0.109747    -0.124629           -8           -3           -3           -3
   -0.260980    -0.684071           -6           -2           -2           -2
   -3.009684    -3.335666          -17           -3           -3           -3

4 steady state
          E0           Ei           s1           s2           s3           s4
   -0.010000    -0.010000          -15          -13           -5           -4
   -0.010000    -0.010000          -15          -13           -5           -4
   -0.029917    -0.010000          -15          -13           -5           -4
   -0.050000    -0.050000          -16           -4           -4           -3
   -0.080000    -0.082042           -8           -4           -3           -3
   -0.328578    -0.080000          -22           -4           -3           -3
   -3.029564    -3.808886          -17           -3           -3           -3

5 steady state
          E0           Ei           s1           s2           s3           s4
   -0.010004    -0.010009          -16           -6           -5           -4
   -0.013975    -0.030695          -11           -4           -4           -4
   -0.029511    -0.030697          -12           -4           -4           -4
   -0.029957    -0.030697          -13           -4           -4           -4
   -0.080169    -0.233404           -6           -3           -3           -3
   -0.733793    -0.338540           -6           -3           -3           -3
   -3.032693    -0.305079           -6           -3           -3           -3

